1.000E+3	3.532E-1	1.012E-4	2.865E-4	8.068E+1
1.100E+3	3.526E-1	1.116E-4	3.165E-4	7.971E+1
1.200E+3	3.519E-1	1.221E-4	3.468E-4	7.874E+1
1.300E+3	3.512E-1	1.327E-4	3.778E-4	7.773E+1
1.400E+3	3.504E-1	1.434E-4	4.091E-4	7.671E+1
1.500E+3	3.496E-1	1.541E-4	4.409E-4	7.568E+1
1.600E+3	3.486E-1	1.650E-4	4.732E-4	7.462E+1
1.700E+3	3.476E-1	1.760E-4	5.063E-4	7.353E+1
1.800E+3	3.466E-1	1.871E-4	5.398E-4	7.242E+1
1.900E+3	3.454E-1	1.983E-4	5.741E-4	7.127E+1
2.000E+3	3.441E-1	2.096E-4	6.091E-4	7.010E+1
2.100E+3	3.428E-1	2.210E-4	6.448E-4	6.890E+1
2.200E+3	3.414E-1	2.325E-4	6.812E-4	6.764E+1
2.300E+3	3.398E-1	2.441E-4	7.185E-4	6.635E+1
2.400E+3	3.382E-1	2.559E-4	7.566E-4	6.503E+1
2.500E+3	3.365E-1	2.676E-4	7.955E-4	6.366E+1
2.600E+3	3.346E-1	2.794E-4	8.350E-4	6.224E+1
2.700E+3	3.328E-1	2.913E-4	8.754E-4	6.077E+1
2.800E+3	3.307E-1	3.031E-4	9.165E-4	5.926E+1
2.900E+3	3.287E-1	3.150E-4	9.585E-4	5.768E+1
3.000E+3	3.265E-1	3.269E-4	1.001E-3	5.606E+1
3.100E+3	3.243E-1	3.387E-4	1.045E-3	5.437E+1
3.120E+3	3.238E-1	3.410E-4	1.053E-3	5.402E+1
3.140E+3	3.233E-1	3.433E-4	1.062E-3	5.367E+1
3.160E+3	3.228E-1	3.457E-4	1.071E-3	5.332E+1
3.210E+3	3.217E-1	3.515E-4	1.093E-3	5.244E+1
3.260E+3	3.205E-1	3.574E-4	1.115E-3	5.154E+1
3.310E+3	3.193E-1	3.631E-4	1.137E-3	5.062E+1
3.360E+3	3.180E-1	3.688E-4	1.160E-3	4.969E+1
3.410E+3	3.168E-1	3.745E-4	1.182E-3	4.873E+1
3.460E+3	3.155E-1	3.801E-4	1.205E-3	4.777E+1
3.510E+3	3.143E-1	3.857E-4	1.227E-3	4.679E+1
3.560E+3	3.130E-1	3.911E-4	1.250E-3	4.579E+1
3.610E+3	3.117E-1	3.965E-4	1.272E-3	4.477E+1
3.660E+3	3.104E-1	4.019E-4	1.295E-3	4.373E+1
3.710E+3	3.091E-1	4.072E-4	1.317E-3	4.269E+1
3.760E+3	3.078E-1	4.124E-4	1.340E-3	4.161E+1
3.810E+3	3.065E-1	4.174E-4	1.362E-3	4.053E+1
3.860E+3	3.052E-1	4.224E-4	1.384E-3	3.942E+1
3.910E+3	3.040E-1	4.273E-4	1.406E-3	3.830E+1
3.960E+3	3.027E-1	4.321E-4	1.427E-3	3.717E+1
4.010E+3	3.015E-1	4.367E-4	1.449E-3	3.601E+1
4.060E+3	3.002E-1	4.412E-4	1.470E-3	3.484E+1
4.110E+3	2.990E-1	4.457E-4	1.490E-3	3.366E+1
4.160E+3	2.978E-1	4.499E-4	1.511E-3	3.246E+1
4.210E+3	2.966E-1	4.540E-4	1.531E-3	3.124E+1
4.260E+3	2.955E-1	4.579E-4	1.550E-3	3.001E+1
4.310E+3	2.943E-1	4.618E-4	1.569E-3	2.877E+1
4.360E+3	2.933E-1	4.655E-4	1.587E-3	2.751E+1
4.410E+3	2.922E-1	4.690E-4	1.605E-3	2.624E+1
4.460E+3	2.912E-1	4.723E-4	1.622E-3	2.495E+1
4.560E+3	2.893E-1	4.786E-4	1.654E-3	2.235E+1
4.660E+3	2.875E-1	4.841E-4	1.684E-3	1.970E+1
4.760E+3	2.860E-1	4.889E-4	1.709E-3	1.702E+1
4.860E+3	2.847E-1	4.930E-4	1.732E-3	1.430E+1
4.960E+3	2.836E-1	4.964E-4	1.751E-3	1.155E+1
5.060E+3	2.827E-1	4.989E-4	1.765E-3	8.769E+0
5.160E+3	2.820E-1	5.008E-4	1.776E-3	5.944E+0
5.260E+3	2.816E-1	5.020E-4	1.782E-3	3.066E+0
5.360E+3	2.815E-1	5.021E-4	1.784E-3	8.599E-2
5.380E+3	2.815E-1	5.022E-4	1.784E-3	-5.292E-1
5.400E+3	2.815E-1	5.020E-4	1.783E-3	-1.152E+0
5.420E+3	2.816E-1	5.019E-4	1.782E-3	-1.782E+0
5.470E+3	2.817E-1	5.013E-4	1.779E-3	-3.414E+0
5.520E+3	2.820E-1	5.003E-4	1.774E-3	-5.156E+0
5.570E+3	2.824E-1	4.987E-4	1.766E-3	-7.054E+0
5.620E+3	2.831E-1	4.964E-4	1.753E-3	-9.239E+0
5.670E+3	2.842E-1	4.921E-4	1.731E-3	-1.196E+1
5.720E+3	2.866E-1	4.823E-4	1.683E-3	-1.590E+1
5.770E+3	2.960E-1	4.349E-4	1.469E-3	-2.412E+1
5.820E+3	3.112E-1	3.044E-4	9.781E-4	1.037E+1
5.840E+3	3.035E-1	3.632E-4	1.197E-3	1.551E+1
5.860E+3	2.967E-1	4.095E-4	1.380E-3	1.478E+1
5.870E+3	2.939E-1	4.271E-4	1.453E-3	1.359E+1
5.880E+3	2.915E-1	4.416E-4	1.515E-3	1.217E+1
5.890E+3	2.896E-1	4.532E-4	1.565E-3	1.067E+1
5.900E+3	2.879E-1	4.627E-4	1.607E-3	9.149E+0
5.910E+3	2.866E-1	4.702E-4	1.640E-3	7.670E+0
5.920E+3	2.856E-1	4.761E-4	1.667E-3	6.259E+0
5.930E+3	2.848E-1	4.808E-4	1.688E-3	4.918E+0
5.940E+3	2.841E-1	4.846E-4	1.706E-3	3.667E+0
5.950E+3	2.836E-1	4.875E-4	1.719E-3	2.500E+0
5.960E+3	2.833E-1	4.898E-4	1.729E-3	1.416E+0
5.980E+3	2.828E-1	4.930E-4	1.743E-3	-5.231E-1
6.000E+3	2.825E-1	4.949E-4	1.751E-3	-2.199E+0
6.020E+3	2.825E-1	4.961E-4	1.756E-3	-3.658E+0
6.070E+3	2.827E-1	4.966E-4	1.757E-3	-6.614E+0
6.120E+3	2.831E-1	4.960E-4	1.752E-3	-8.919E+0
6.170E+3	2.836E-1	4.946E-4	1.744E-3	-1.083E+1
6.220E+3	2.842E-1	4.931E-4	1.735E-3	-1.249E+1
6.270E+3	2.848E-1	4.913E-4	1.725E-3	-1.398E+1
6.320E+3	2.854E-1	4.895E-4	1.715E-3	-1.535E+1
6.370E+3	2.860E-1	4.875E-4	1.705E-3	-1.662E+1
6.420E+3	2.867E-1	4.855E-4	1.694E-3	-1.782E+1
6.520E+3	2.880E-1	4.813E-4	1.671E-3	-2.003E+1
6.620E+3	2.893E-1	4.769E-4	1.648E-3	-2.207E+1
6.720E+3	2.907E-1	4.725E-4	1.625E-3	-2.398E+1
6.820E+3	2.921E-1	4.677E-4	1.601E-3	-2.577E+1
7.020E+3	2.949E-1	4.582E-4	1.554E-3	-2.907E+1
7.220E+3	2.977E-1	4.484E-4	1.506E-3	-3.204E+1
7.420E+3	3.004E-1	4.385E-4	1.459E-3	-3.475E+1
7.620E+3	3.031E-1	4.284E-4	1.414E-3	-3.723E+1
7.820E+3	3.056E-1	4.186E-4	1.369E-3	-3.949E+1
8.120E+3	3.093E-1	4.040E-4	1.306E-3	-4.255E+1
8.620E+3	3.147E-1	3.808E-4	1.210E-3	-4.691E+1
9.120E+3	3.194E-1	3.593E-4	1.125E-3	-5.052E+1
9.620E+3	3.235E-1	3.396E-4	1.050E-3	-5.356E+1
1.012E+4	3.269E-1	3.216E-4	9.836E-4	-5.614E+1
