1.000E+3	3.531E-1	1.032E-4	2.922E-4	8.049E+1
1.200E+3	3.518E-1	1.247E-4	3.544E-4	7.851E+1
1.400E+3	3.502E-1	1.466E-4	4.185E-4	7.640E+1
1.600E+3	3.483E-1	1.690E-4	4.852E-4	7.422E+1
1.800E+3	3.460E-1	1.921E-4	5.552E-4	7.191E+1
2.000E+3	3.433E-1	2.159E-4	6.288E-4	6.943E+1
2.200E+3	3.402E-1	2.406E-4	7.071E-4	6.674E+1
2.400E+3	3.365E-1	2.663E-4	7.914E-4	6.378E+1
2.420E+3	3.362E-1	2.690E-4	8.003E-4	6.347E+1
2.440E+3	3.358E-1	2.717E-4	8.092E-4	6.315E+1
2.460E+3	3.353E-1	2.744E-4	8.182E-4	6.282E+1
2.480E+3	3.349E-1	2.771E-4	8.274E-4	6.249E+1
2.500E+3	3.345E-1	2.798E-4	8.366E-4	6.217E+1
2.520E+3	3.340E-1	2.826E-4	8.459E-4	6.182E+1
2.540E+3	3.336E-1	2.853E-4	8.553E-4	6.148E+1
2.560E+3	3.331E-1	2.882E-4	8.650E-4	6.113E+1
2.580E+3	3.327E-1	2.909E-4	8.746E-4	6.078E+1
2.600E+3	3.322E-1	2.938E-4	8.844E-4	6.040E+1
2.620E+3	3.318E-1	2.967E-4	8.943E-4	6.005E+1
2.670E+3	3.305E-1	3.041E-4	9.200E-4	5.909E+1
2.720E+3	3.291E-1	3.116E-4	9.466E-4	5.809E+1
2.770E+3	3.277E-1	3.195E-4	9.750E-4	5.700E+1
2.820E+3	3.261E-1	3.277E-4	1.005E-3	5.583E+1
2.870E+3	3.244E-1	3.366E-4	1.037E-3	5.454E+1
2.920E+3	3.225E-1	3.461E-4	1.073E-3	5.308E+1
2.970E+3	3.203E-1	3.568E-4	1.114E-3	5.137E+1
3.020E+3	3.176E-1	3.690E-4	1.162E-3	4.926E+1
3.030E+3	3.169E-1	3.717E-4	1.173E-3	4.876E+1
3.040E+3	3.163E-1	3.746E-4	1.184E-3	4.823E+1
3.050E+3	3.156E-1	3.776E-4	1.196E-3	4.766E+1
3.060E+3	3.149E-1	3.807E-4	1.209E-3	4.705E+1
3.070E+3	3.141E-1	3.840E-4	1.223E-3	4.640E+1
3.080E+3	3.132E-1	3.874E-4	1.237E-3	4.568E+1
3.100E+3	3.113E-1	3.950E-4	1.269E-3	4.402E+1
3.120E+3	3.090E-1	4.036E-4	1.306E-3	4.193E+1
3.140E+3	3.061E-1	4.134E-4	1.350E-3	3.914E+1
3.160E+3	3.024E-1	4.246E-4	1.404E-3	3.514E+1
3.180E+3	2.976E-1	4.362E-4	1.465E-3	2.866E+1
3.190E+3	2.950E-1	4.400E-4	1.492E-3	2.350E+1
3.200E+3	2.929E-1	4.378E-4	1.495E-3	1.604E+1
3.210E+3	2.938E-1	4.195E-4	1.428E-3	5.431E+0
3.220E+3	3.006E-1	3.742E-4	1.245E-3	-6.843E+0
3.230E+3	3.116E-1	3.092E-4	9.925E-4	-1.684E+1
3.240E+3	3.224E-1	2.412E-4	7.482E-4	-2.242E+1
3.250E+3	3.309E-1	1.798E-4	5.436E-4	-2.261E+1
3.260E+3	3.370E-1	1.308E-4	3.882E-4	-1.583E+1
3.270E+3	3.409E-1	9.941E-5	2.916E-4	5.059E-1
3.280E+3	3.432E-1	9.119E-5	2.657E-4	2.363E+1
3.290E+3	3.443E-1	1.026E-4	2.981E-4	4.263E+1
3.300E+3	3.445E-1	1.229E-4	3.569E-4	5.355E+1
3.305E+3	3.443E-1	1.339E-4	3.888E-4	5.680E+1
3.310E+3	3.441E-1	1.449E-4	4.212E-4	5.910E+1
3.315E+3	3.437E-1	1.557E-4	4.529E-4	6.071E+1
3.320E+3	3.433E-1	1.661E-4	4.838E-4	6.182E+1
3.325E+3	3.428E-1	1.760E-4	5.133E-4	6.254E+1
3.330E+3	3.423E-1	1.854E-4	5.415E-4	6.302E+1
3.335E+3	3.417E-1	1.942E-4	5.684E-4	6.328E+1
3.340E+3	3.411E-1	2.026E-4	5.939E-4	6.340E+1
3.345E+3	3.405E-1	2.105E-4	6.181E-4	6.339E+1
3.350E+3	3.399E-1	2.179E-4	6.411E-4	6.331E+1
3.355E+3	3.393E-1	2.249E-4	6.629E-4	6.316E+1
3.375E+3	3.368E-1	2.492E-4	7.398E-4	6.219E+1
3.395E+3	3.346E-1	2.683E-4	8.020E-4	6.098E+1
3.415E+3	3.325E-1	2.838E-4	8.534E-4	5.976E+1
3.435E+3	3.307E-1	2.965E-4	8.967E-4	5.860E+1
3.455E+3	3.290E-1	3.072E-4	9.337E-4	5.750E+1
3.475E+3	3.276E-1	3.164E-4	9.659E-4	5.650E+1
3.495E+3	3.262E-1	3.244E-4	9.946E-4	5.556E+1
3.515E+3	3.249E-1	3.315E-4	1.020E-3	5.468E+1
3.535E+3	3.237E-1	3.379E-4	1.044E-3	5.386E+1
3.555E+3	3.227E-1	3.437E-4	1.065E-3	5.308E+1
3.605E+3	3.202E-1	3.563E-4	1.113E-3	5.129E+1
3.655E+3	3.179E-1	3.669E-4	1.154E-3	4.966E+1
3.705E+3	3.160E-1	3.763E-4	1.191E-3	4.815E+1
3.755E+3	3.141E-1	3.847E-4	1.225E-3	4.670E+1
3.805E+3	3.123E-1	3.924E-4	1.257E-3	4.531E+1
3.855E+3	3.105E-1	3.997E-4	1.287E-3	4.396E+1
3.905E+3	3.089E-1	4.064E-4	1.315E-3	4.264E+1
3.955E+3	3.073E-1	4.128E-4	1.343E-3	4.132E+1
4.005E+3	3.058E-1	4.188E-4	1.370E-3	4.003E+1
4.055E+3	3.043E-1	4.246E-4	1.395E-3	3.874E+1
4.105E+3	3.029E-1	4.301E-4	1.420E-3	3.744E+1
4.155E+3	3.014E-1	4.354E-4	1.444E-3	3.616E+1
4.205E+3	3.000E-1	4.404E-4	1.468E-3	3.487E+1
4.255E+3	2.987E-1	4.452E-4	1.490E-3	3.357E+1
4.305E+3	2.974E-1	4.498E-4	1.513E-3	3.228E+1
4.355E+3	2.962E-1	4.542E-4	1.534E-3	3.097E+1
4.405E+3	2.949E-1	4.584E-4	1.554E-3	2.966E+1
4.455E+3	2.938E-1	4.624E-4	1.574E-3	2.835E+1
4.505E+3	2.926E-1	4.661E-4	1.593E-3	2.703E+1
4.555E+3	2.916E-1	4.697E-4	1.611E-3	2.571E+1
4.605E+3	2.905E-1	4.731E-4	1.629E-3	2.439E+1
4.655E+3	2.895E-1	4.763E-4	1.645E-3	2.305E+1
4.705E+3	2.886E-1	4.792E-4	1.661E-3	2.172E+1
4.755E+3	2.877E-1	4.821E-4	1.675E-3	2.039E+1
4.805E+3	2.869E-1	4.847E-4	1.689E-3	1.905E+1
4.855E+3	2.861E-1	4.870E-4	1.702E-3	1.771E+1
4.905E+3	2.854E-1	4.892E-4	1.714E-3	1.638E+1
4.955E+3	2.848E-1	4.913E-4	1.725E-3	1.505E+1
5.005E+3	2.841E-1	4.931E-4	1.736E-3	1.371E+1
5.055E+3	2.836E-1	4.948E-4	1.745E-3	1.239E+1
5.105E+3	2.831E-1	4.962E-4	1.753E-3	1.106E+1
5.205E+3	2.823E-1	4.987E-4	1.766E-3	8.430E+0
5.305E+3	2.817E-1	5.003E-4	1.776E-3	5.829E+0
5.405E+3	2.814E-1	5.013E-4	1.782E-3	3.262E+0
5.505E+3	2.812E-1	5.017E-4	1.784E-3	7.450E-1
5.605E+3	2.813E-1	5.016E-4	1.783E-3	-1.729E+0
5.705E+3	2.815E-1	5.008E-4	1.779E-3	-4.142E+0
5.805E+3	2.819E-1	4.994E-4	1.772E-3	-6.497E+0
5.905E+3	2.825E-1	4.976E-4	1.762E-3	-8.783E+0
6.005E+3	2.832E-1	4.954E-4	1.750E-3	-1.101E+1
6.105E+3	2.840E-1	4.928E-4	1.735E-3	-1.315E+1
6.205E+3	2.849E-1	4.898E-4	1.719E-3	-1.524E+1
6.305E+3	2.860E-1	4.865E-4	1.701E-3	-1.724E+1
6.405E+3	2.871E-1	4.829E-4	1.682E-3	-1.917E+1
6.505E+3	2.883E-1	4.791E-4	1.661E-3	-2.104E+1
6.605E+3	2.896E-1	4.750E-4	1.640E-3	-2.283E+1
6.705E+3	2.909E-1	4.707E-4	1.618E-3	-2.455E+1
6.805E+3	2.922E-1	4.663E-4	1.596E-3	-2.620E+1
6.905E+3	2.935E-1	4.618E-4	1.573E-3	-2.779E+1
7.005E+3	2.949E-1	4.572E-4	1.550E-3	-2.932E+1
7.105E+3	2.962E-1	4.524E-4	1.527E-3	-3.077E+1
7.205E+3	2.976E-1	4.476E-4	1.504E-3	-3.218E+1
7.305E+3	2.989E-1	4.428E-4	1.481E-3	-3.352E+1
7.405E+3	3.003E-1	4.379E-4	1.458E-3	-3.481E+1
7.505E+3	3.016E-1	4.330E-4	1.436E-3	-3.605E+1
7.605E+3	3.029E-1	4.281E-4	1.413E-3	-3.724E+1
7.705E+3	3.042E-1	4.232E-4	1.391E-3	-3.838E+1
7.805E+3	3.054E-1	4.184E-4	1.370E-3	-3.948E+1
7.905E+3	3.066E-1	4.135E-4	1.348E-3	-4.053E+1
8.005E+3	3.078E-1	4.087E-4	1.328E-3	-4.154E+1
8.105E+3	3.090E-1	4.039E-4	1.307E-3	-4.251E+1
8.205E+3	3.102E-1	3.993E-4	1.287E-3	-4.344E+1
8.305E+3	3.113E-1	3.945E-4	1.268E-3	-4.435E+1
8.405E+3	3.124E-1	3.900E-4	1.248E-3	-4.521E+1
8.505E+3	3.134E-1	3.854E-4	1.230E-3	-4.604E+1
8.605E+3	3.145E-1	3.809E-4	1.211E-3	-4.685E+1
8.705E+3	3.154E-1	3.765E-4	1.194E-3	-4.762E+1
8.805E+3	3.164E-1	3.722E-4	1.176E-3	-4.837E+1
8.857E+3	3.169E-1	3.699E-4	1.167E-3	-4.875E+1
8.912E+3	3.174E-1	3.676E-4	1.158E-3	-4.914E+1
8.963E+3	3.179E-1	3.655E-4	1.149E-3	-4.950E+1
9.039E+3	3.186E-1	3.622E-4	1.137E-3	-5.003E+1
9.135E+3	3.194E-1	3.583E-4	1.122E-3	-5.066E+1
9.235E+3	3.203E-1	3.542E-4	1.106E-3	-5.129E+1
9.335E+3	3.211E-1	3.502E-4	1.091E-3	-5.192E+1
9.435E+3	3.219E-1	3.463E-4	1.076E-3	-5.251E+1
9.535E+3	3.227E-1	3.425E-4	1.061E-3	-5.310E+1
9.635E+3	3.235E-1	3.387E-4	1.047E-3	-5.367E+1
9.735E+3	3.242E-1	3.350E-4	1.033E-3	-5.420E+1
9.835E+3	3.249E-1	3.314E-4	1.020E-3	-5.473E+1
9.935E+3	3.256E-1	3.278E-4	1.007E-3	-5.524E+1
1.004E+4	3.262E-1	3.243E-4	9.939E-4	-5.575E+1
