1.000E+3	3.530E-1	1.046E-4	2.963E-4	8.035E+1
1.200E+3	3.517E-1	1.263E-4	3.591E-4	7.833E+1
1.400E+3	3.501E-1	1.483E-4	4.238E-4	7.624E+1
1.600E+3	3.481E-1	1.709E-4	4.909E-4	7.403E+1
1.800E+3	3.458E-1	1.940E-4	5.610E-4	7.171E+1
2.000E+3	3.432E-1	2.178E-4	6.347E-4	6.922E+1
2.200E+3	3.401E-1	2.423E-4	7.124E-4	6.656E+1
2.400E+3	3.364E-1	2.677E-4	7.956E-4	6.363E+1
2.600E+3	3.322E-1	2.945E-4	8.865E-4	6.034E+1
2.800E+3	3.269E-1	3.246E-4	9.928E-4	5.631E+1
2.900E+3	3.233E-1	3.429E-4	1.060E-3	5.358E+1
3.000E+3	3.177E-1	3.687E-4	1.161E-3	4.907E+1
3.050E+3	3.120E-1	3.907E-4	1.252E-3	4.392E+1
3.070E+3	3.077E-1	4.035E-4	1.311E-3	3.932E+1
3.080E+3	3.045E-1	4.103E-4	1.347E-3	3.505E+1
3.090E+3	3.006E-1	4.112E-4	1.368E-3	2.695E+1
3.100E+3	3.020E-1	3.698E-4	1.224E-3	1.073E+1
3.110E+3	3.146E-1	2.790E-4	8.870E-4	-1.012E+0
3.120E+3	3.258E-1	2.028E-4	6.224E-4	-6.888E-1
3.125E+3	3.299E-1	1.748E-4	5.299E-4	3.583E+0
3.130E+3	3.332E-1	1.549E-4	4.648E-4	1.018E+1
3.135E+3	3.356E-1	1.429E-4	4.258E-4	1.847E+1
3.140E+3	3.374E-1	1.383E-4	4.099E-4	2.735E+1
3.145E+3	3.387E-1	1.398E-4	4.129E-4	3.562E+1
3.150E+3	3.395E-1	1.457E-4	4.291E-4	4.255E+1
3.152E+3	3.397E-1	1.488E-4	4.381E-4	4.490E+1
3.154E+3	3.399E-1	1.524E-4	4.485E-4	4.699E+1
3.156E+3	3.400E-1	1.563E-4	4.595E-4	4.887E+1
3.158E+3	3.401E-1	1.603E-4	4.712E-4	5.054E+1
3.160E+3	3.402E-1	1.645E-4	4.836E-4	5.201E+1
3.162E+3	3.402E-1	1.688E-4	4.961E-4	5.331E+1
3.164E+3	3.401E-1	1.731E-4	5.090E-4	5.444E+1
3.166E+3	3.401E-1	1.775E-4	5.218E-4	5.543E+1
3.168E+3	3.400E-1	1.818E-4	5.348E-4	5.629E+1
3.170E+3	3.399E-1	1.862E-4	5.477E-4	5.704E+1
3.172E+3	3.398E-1	1.904E-4	5.603E-4	5.768E+1
3.174E+3	3.396E-1	1.946E-4	5.730E-4	5.822E+1
3.179E+3	3.392E-1	2.049E-4	6.041E-4	5.929E+1
3.189E+3	3.381E-1	2.238E-4	6.619E-4	6.039E+1
3.199E+3	3.369E-1	2.401E-4	7.126E-4	6.069E+1
3.209E+3	3.357E-1	2.541E-4	7.569E-4	6.055E+1
3.219E+3	3.345E-1	2.660E-4	7.954E-4	6.018E+1
3.229E+3	3.333E-1	2.762E-4	8.288E-4	5.970E+1
3.249E+3	3.312E-1	2.930E-4	8.846E-4	5.861E+1
3.269E+3	3.294E-1	3.058E-4	9.284E-4	5.753E+1
3.279E+3	3.286E-1	3.111E-4	9.469E-4	5.702E+1
3.289E+3	3.278E-1	3.160E-4	9.639E-4	5.653E+1
3.299E+3	3.271E-1	3.203E-4	9.794E-4	5.607E+1
3.309E+3	3.264E-1	3.244E-4	9.938E-4	5.562E+1
3.319E+3	3.258E-1	3.281E-4	1.007E-3	5.519E+1
3.329E+3	3.252E-1	3.315E-4	1.020E-3	5.478E+1
3.339E+3	3.246E-1	3.347E-4	1.031E-3	5.438E+1
3.349E+3	3.240E-1	3.377E-4	1.042E-3	5.400E+1
3.359E+3	3.235E-1	3.405E-4	1.053E-3	5.363E+1
3.369E+3	3.230E-1	3.432E-4	1.063E-3	5.328E+1
3.379E+3	3.225E-1	3.457E-4	1.072E-3	5.293E+1
3.389E+3	3.221E-1	3.481E-4	1.081E-3	5.260E+1
3.399E+3	3.216E-1	3.505E-4	1.090E-3	5.227E+1
3.409E+3	3.212E-1	3.527E-4	1.098E-3	5.195E+1
3.419E+3	3.207E-1	3.548E-4	1.106E-3	5.164E+1
3.429E+3	3.203E-1	3.569E-4	1.114E-3	5.134E+1
3.439E+3	3.199E-1	3.589E-4	1.122E-3	5.104E+1
3.449E+3	3.195E-1	3.608E-4	1.129E-3	5.075E+1
3.469E+3	3.188E-1	3.646E-4	1.144E-3	5.017E+1
3.489E+3	3.180E-1	3.681E-4	1.157E-3	4.962E+1
3.509E+3	3.173E-1	3.715E-4	1.171E-3	4.908E+1
3.529E+3	3.166E-1	3.747E-4	1.183E-3	4.855E+1
3.549E+3	3.159E-1	3.778E-4	1.196E-3	4.802E+1
3.569E+3	3.153E-1	3.808E-4	1.208E-3	4.752E+1
3.589E+3	3.146E-1	3.837E-4	1.220E-3	4.701E+1
3.609E+3	3.139E-1	3.866E-4	1.231E-3	4.650E+1
3.629E+3	3.133E-1	3.893E-4	1.243E-3	4.602E+1
3.649E+3	3.127E-1	3.921E-4	1.254E-3	4.552E+1
3.669E+3	3.120E-1	3.947E-4	1.265E-3	4.503E+1
3.689E+3	3.115E-1	3.973E-4	1.276E-3	4.455E+1
3.709E+3	3.109E-1	3.999E-4	1.286E-3	4.406E+1
3.759E+3	3.094E-1	4.060E-4	1.312E-3	4.284E+1
3.809E+3	3.079E-1	4.119E-4	1.338E-3	4.165E+1
3.859E+3	3.065E-1	4.175E-4	1.362E-3	4.044E+1
3.909E+3	3.051E-1	4.230E-4	1.386E-3	3.924E+1
3.959E+3	3.037E-1	4.283E-4	1.410E-3	3.803E+1
4.009E+3	3.024E-1	4.333E-4	1.433E-3	3.682E+1
4.059E+3	3.010E-1	4.382E-4	1.456E-3	3.559E+1
4.109E+3	2.998E-1	4.429E-4	1.478E-3	3.436E+1
4.159E+3	2.985E-1	4.474E-4	1.499E-3	3.312E+1
4.209E+3	2.972E-1	4.517E-4	1.520E-3	3.188E+1
4.259E+3	2.960E-1	4.559E-4	1.540E-3	3.062E+1
4.309E+3	2.949E-1	4.599E-4	1.560E-3	2.935E+1
4.359E+3	2.938E-1	4.638E-4	1.579E-3	2.808E+1
4.409E+3	2.927E-1	4.674E-4	1.597E-3	2.680E+1
4.459E+3	2.916E-1	4.708E-4	1.614E-3	2.551E+1
4.509E+3	2.906E-1	4.741E-4	1.631E-3	2.422E+1
4.559E+3	2.897E-1	4.772E-4	1.647E-3	2.293E+1
4.609E+3	2.888E-1	4.801E-4	1.662E-3	2.162E+1
4.659E+3	2.879E-1	4.828E-4	1.677E-3	2.031E+1
4.709E+3	2.871E-1	4.853E-4	1.691E-3	1.901E+1
4.759E+3	2.864E-1	4.877E-4	1.703E-3	1.769E+1
4.809E+3	2.857E-1	4.899E-4	1.715E-3	1.639E+1
4.859E+3	2.850E-1	4.919E-4	1.726E-3	1.507E+1
4.909E+3	2.844E-1	4.936E-4	1.736E-3	1.376E+1
4.959E+3	2.839E-1	4.953E-4	1.745E-3	1.245E+1
5.009E+3	2.834E-1	4.968E-4	1.753E-3	1.115E+1
5.059E+3	2.830E-1	4.980E-4	1.760E-3	9.842E+0
5.109E+3	2.826E-1	4.992E-4	1.767E-3	8.550E+0
5.209E+3	2.820E-1	5.009E-4	1.776E-3	5.977E+0
5.309E+3	2.816E-1	5.019E-4	1.782E-3	3.434E+0
5.409E+3	2.815E-1	5.024E-4	1.785E-3	9.334E-1
5.509E+3	2.815E-1	5.021E-4	1.784E-3	-1.513E+0
5.609E+3	2.817E-1	5.015E-4	1.780E-3	-3.914E+0
5.709E+3	2.821E-1	5.002E-4	1.773E-3	-6.247E+0
5.809E+3	2.827E-1	4.986E-4	1.764E-3	-8.524E+0
5.909E+3	2.833E-1	4.963E-4	1.752E-3	-1.074E+1
5.959E+3	2.837E-1	4.951E-4	1.745E-3	-1.182E+1
6.009E+3	2.842E-1	4.938E-4	1.738E-3	-1.288E+1
6.059E+3	2.846E-1	4.924E-4	1.730E-3	-1.392E+1
6.109E+3	2.851E-1	4.909E-4	1.722E-3	-1.495E+1
6.159E+3	2.856E-1	4.892E-4	1.713E-3	-1.596E+1
6.209E+3	2.861E-1	4.875E-4	1.704E-3	-1.695E+1
6.309E+3	2.872E-1	4.841E-4	1.685E-3	-1.889E+1
6.409E+3	2.884E-1	4.802E-4	1.665E-3	-2.074E+1
6.509E+3	2.896E-1	4.762E-4	1.644E-3	-2.254E+1
6.609E+3	2.909E-1	4.720E-4	1.623E-3	-2.426E+1
6.709E+3	2.922E-1	4.677E-4	1.601E-3	-2.592E+1
6.909E+3	2.949E-1	4.585E-4	1.555E-3	-2.903E+1
7.109E+3	2.976E-1	4.491E-4	1.509E-3	-3.190E+1
7.309E+3	3.002E-1	4.394E-4	1.464E-3	-3.454E+1
7.509E+3	3.028E-1	4.296E-4	1.419E-3	-3.698E+1
7.709E+3	3.053E-1	4.199E-4	1.375E-3	-3.923E+1
7.909E+3	3.078E-1	4.103E-4	1.333E-3	-4.130E+1
8.109E+3	3.100E-1	4.008E-4	1.293E-3	-4.322E+1
8.309E+3	3.123E-1	3.915E-4	1.254E-3	-4.499E+1
8.509E+3	3.143E-1	3.824E-4	1.217E-3	-4.663E+1
8.709E+3	3.163E-1	3.736E-4	1.181E-3	-4.816E+1
8.909E+3	3.182E-1	3.651E-4	1.147E-3	-4.959E+1
9.109E+3	3.199E-1	3.569E-4	1.116E-3	-5.091E+1
9.309E+3	3.216E-1	3.489E-4	1.085E-3	-5.215E+1
9.509E+3	3.231E-1	3.412E-4	1.056E-3	-5.331E+1
9.709E+3	3.246E-1	3.338E-4	1.028E-3	-5.441E+1
9.909E+3	3.260E-1	3.267E-4	1.002E-3	-5.543E+1
1.011E+4	3.273E-1	3.198E-4	9.772E-4	-5.640E+1
