1.000E+3	3.530E-1	1.051E-4	2.978E-4	8.029E+1
1.100E+3	3.523E-1	1.161E-4	3.295E-4	7.929E+1
1.200E+3	3.516E-1	1.272E-4	3.619E-4	7.824E+1
1.400E+3	3.499E-1	1.501E-4	4.290E-4	7.605E+1
1.600E+3	3.478E-1	1.739E-4	5.000E-4	7.374E+1
1.800E+3	3.453E-1	1.993E-4	5.773E-4	7.115E+1
1.850E+3	3.445E-1	2.059E-4	5.977E-4	7.046E+1
1.900E+3	3.437E-1	2.128E-4	6.189E-4	6.973E+1
1.950E+3	3.429E-1	2.198E-4	6.411E-4	6.898E+1
2.000E+3	3.420E-1	2.271E-4	6.640E-4	6.819E+1
2.050E+3	3.411E-1	2.347E-4	6.882E-4	6.736E+1
2.100E+3	3.400E-1	2.427E-4	7.138E-4	6.646E+1
2.150E+3	3.388E-1	2.512E-4	7.414E-4	6.549E+1
2.200E+3	3.376E-1	2.604E-4	7.714E-4	6.441E+1
2.250E+3	3.360E-1	2.704E-4	8.047E-4	6.319E+1
2.300E+3	3.342E-1	2.819E-4	8.434E-4	6.176E+1
2.350E+3	3.320E-1	2.954E-4	8.898E-4	5.997E+1
2.360E+3	3.314E-1	2.984E-4	9.004E-4	5.954E+1
2.370E+3	3.309E-1	3.016E-4	9.116E-4	5.909E+1
2.375E+3	3.306E-1	3.033E-4	9.176E-4	5.886E+1
2.380E+3	3.303E-1	3.051E-4	9.238E-4	5.862E+1
2.385E+3	3.299E-1	3.068E-4	9.299E-4	5.836E+1
2.390E+3	3.296E-1	3.086E-4	9.364E-4	5.810E+1
2.395E+3	3.293E-1	3.105E-4	9.430E-4	5.782E+1
2.400E+3	3.289E-1	3.124E-4	9.498E-4	5.754E+1
2.405E+3	3.286E-1	3.144E-4	9.570E-4	5.724E+1
2.410E+3	3.282E-1	3.165E-4	9.644E-4	5.692E+1
2.415E+3	3.278E-1	3.187E-4	9.722E-4	5.660E+1
2.420E+3	3.273E-1	3.208E-4	9.801E-4	5.625E+1
2.425E+3	3.269E-1	3.232E-4	9.886E-4	5.589E+1
2.430E+3	3.264E-1	3.255E-4	9.973E-4	5.551E+1
2.435E+3	3.259E-1	3.280E-4	1.006E-3	5.510E+1
2.440E+3	3.254E-1	3.306E-4	1.016E-3	5.467E+1
2.445E+3	3.248E-1	3.333E-4	1.026E-3	5.421E+1
2.450E+3	3.242E-1	3.361E-4	1.037E-3	5.372E+1
2.455E+3	3.236E-1	3.391E-4	1.048E-3	5.320E+1
2.460E+3	3.229E-1	3.421E-4	1.059E-3	5.263E+1
2.465E+3	3.222E-1	3.454E-4	1.072E-3	5.203E+1
2.475E+3	3.206E-1	3.525E-4	1.099E-3	5.066E+1
2.485E+3	3.187E-1	3.603E-4	1.131E-3	4.901E+1
2.495E+3	3.164E-1	3.692E-4	1.167E-3	4.697E+1
2.505E+3	3.137E-1	3.792E-4	1.209E-3	4.437E+1
2.515E+3	3.103E-1	3.904E-4	1.258E-3	4.090E+1
2.525E+3	3.061E-1	4.023E-4	1.314E-3	3.607E+1
2.535E+3	3.013E-1	4.130E-4	1.371E-3	2.886E+1
2.545E+3	2.971E-1	4.152E-4	1.398E-3	1.788E+1
2.555E+3	2.977E-1	3.946E-4	1.326E-3	3.062E+0
2.565E+3	3.056E-1	3.468E-4	1.135E-3	-1.176E+1
2.570E+3	3.112E-1	3.164E-4	1.017E-3	-1.809E+1
2.572E+3	3.135E-1	3.034E-4	9.675E-4	-2.038E+1
2.574E+3	3.159E-1	2.904E-4	9.193E-4	-2.247E+1
2.576E+3	3.181E-1	2.775E-4	8.721E-4	-2.439E+1
2.578E+3	3.203E-1	2.647E-4	8.262E-4	-2.614E+1
2.580E+3	3.225E-1	2.520E-4	7.816E-4	-2.772E+1
2.582E+3	3.245E-1	2.396E-4	7.383E-4	-2.914E+1
2.584E+3	3.265E-1	2.274E-4	6.965E-4	-3.042E+1
2.586E+3	3.283E-1	2.155E-4	6.563E-4	-3.154E+1
2.588E+3	3.301E-1	2.038E-4	6.174E-4	-3.252E+1
2.590E+3	3.317E-1	1.924E-4	5.800E-4	-3.331E+1
2.592E+3	3.333E-1	1.812E-4	5.437E-4	-3.398E+1
2.594E+3	3.347E-1	1.704E-4	5.091E-4	-3.449E+1
2.596E+3	3.361E-1	1.599E-4	4.757E-4	-3.480E+1
2.598E+3	3.374E-1	1.497E-4	4.438E-4	-3.491E+1
2.600E+3	3.386E-1	1.399E-4	4.132E-4	-3.485E+1
2.602E+3	3.397E-1	1.304E-4	3.838E-4	-3.454E+1
2.604E+3	3.408E-1	1.212E-4	3.557E-4	-3.400E+1
2.606E+3	3.417E-1	1.124E-4	3.291E-4	-3.314E+1
2.611E+3	3.438E-1	9.227E-5	2.684E-4	-2.947E+1
2.616E+3	3.455E-1	7.502E-5	2.171E-4	-2.301E+1
2.621E+3	3.469E-1	6.167E-5	1.778E-4	-1.267E+1
2.626E+3	3.479E-1	5.322E-5	1.530E-4	1.886E+0
2.631E+3	3.487E-1	5.062E-5	1.452E-4	1.886E+1
2.633E+3	3.489E-1	5.110E-5	1.465E-4	2.535E+1
2.635E+3	3.491E-1	5.233E-5	1.499E-4	3.147E+1
2.637E+3	3.493E-1	5.432E-5	1.555E-4	3.704E+1
2.639E+3	3.494E-1	5.677E-5	1.624E-4	4.195E+1
2.641E+3	3.496E-1	5.966E-5	1.707E-4	4.627E+1
2.643E+3	3.497E-1	6.286E-5	1.798E-4	4.995E+1
2.645E+3	3.498E-1	6.628E-5	1.895E-4	5.313E+1
2.647E+3	3.498E-1	6.984E-5	1.996E-4	5.584E+1
2.649E+3	3.499E-1	7.352E-5	2.101E-4	5.813E+1
2.654E+3	3.499E-1	8.309E-5	2.375E-4	6.253E+1
2.659E+3	3.498E-1	9.256E-5	2.646E-4	6.548E+1
2.664E+3	3.497E-1	1.016E-4	2.907E-4	6.747E+1
2.669E+3	3.495E-1	1.104E-4	3.158E-4	6.880E+1
2.674E+3	3.493E-1	1.186E-4	3.397E-4	6.973E+1
2.679E+3	3.490E-1	1.265E-4	3.625E-4	7.033E+1
2.684E+3	3.487E-1	1.339E-4	3.839E-4	7.071E+1
2.694E+3	3.480E-1	1.475E-4	4.238E-4	7.101E+1
2.704E+3	3.473E-1	1.595E-4	4.591E-4	7.096E+1
2.714E+3	3.466E-1	1.702E-4	4.910E-4	7.071E+1
2.724E+3	3.459E-1	1.797E-4	5.196E-4	7.037E+1
2.734E+3	3.452E-1	1.883E-4	5.456E-4	6.996E+1
2.744E+3	3.445E-1	1.961E-4	5.692E-4	6.952E+1
2.754E+3	3.439E-1	2.032E-4	5.908E-4	6.908E+1
2.764E+3	3.432E-1	2.095E-4	6.105E-4	6.862E+1
2.774E+3	3.426E-1	2.154E-4	6.287E-4	6.819E+1
2.784E+3	3.420E-1	2.209E-4	6.459E-4	6.777E+1
2.794E+3	3.415E-1	2.259E-4	6.616E-4	6.735E+1
2.814E+3	3.404E-1	2.351E-4	6.905E-4	6.654E+1
2.834E+3	3.395E-1	2.432E-4	7.163E-4	6.580E+1
2.854E+3	3.386E-1	2.504E-4	7.395E-4	6.510E+1
2.874E+3	3.377E-1	2.569E-4	7.607E-4	6.444E+1
2.894E+3	3.369E-1	2.628E-4	7.801E-4	6.382E+1
2.914E+3	3.361E-1	2.683E-4	7.983E-4	6.322E+1
2.934E+3	3.353E-1	2.734E-4	8.153E-4	6.265E+1
2.954E+3	3.346E-1	2.783E-4	8.317E-4	6.211E+1
2.974E+3	3.339E-1	2.828E-4	8.470E-4	6.157E+1
2.994E+3	3.332E-1	2.872E-4	8.618E-4	6.106E+1
3.014E+3	3.325E-1	2.913E-4	8.761E-4	6.056E+1
3.034E+3	3.319E-1	2.953E-4	8.896E-4	6.008E+1
3.054E+3	3.313E-1	2.991E-4	9.029E-4	5.960E+1
3.074E+3	3.307E-1	3.029E-4	9.159E-4	5.914E+1
3.094E+3	3.301E-1	3.064E-4	9.284E-4	5.868E+1
3.114E+3	3.295E-1	3.099E-4	9.408E-4	5.823E+1
3.134E+3	3.288E-1	3.134E-4	9.530E-4	5.777E+1
3.154E+3	3.283E-1	3.167E-4	9.647E-4	5.733E+1
3.174E+3	3.277E-1	3.199E-4	9.764E-4	5.690E+1
3.194E+3	3.271E-1	3.231E-4	9.878E-4	5.647E+1
3.244E+3	3.256E-1	3.309E-4	1.016E-3	5.539E+1
3.294E+3	3.242E-1	3.383E-4	1.043E-3	5.432E+1
3.344E+3	3.228E-1	3.455E-4	1.070E-3	5.327E+1
3.394E+3	3.214E-1	3.524E-4	1.097E-3	5.222E+1
3.444E+3	3.200E-1	3.592E-4	1.123E-3	5.117E+1
3.494E+3	3.186E-1	3.659E-4	1.148E-3	5.011E+1
3.544E+3	3.172E-1	3.723E-4	1.174E-3	4.905E+1
3.594E+3	3.158E-1	3.786E-4	1.199E-3	4.797E+1
3.644E+3	3.144E-1	3.847E-4	1.224E-3	4.689E+1
3.694E+3	3.130E-1	3.908E-4	1.248E-3	4.580E+1
3.744E+3	3.116E-1	3.967E-4	1.273E-3	4.470E+1
3.794E+3	3.102E-1	4.024E-4	1.297E-3	4.359E+1
3.844E+3	3.089E-1	4.079E-4	1.321E-3	4.246E+1
3.894E+3	3.075E-1	4.135E-4	1.345E-3	4.133E+1
3.944E+3	3.062E-1	4.188E-4	1.368E-3	4.018E+1
3.994E+3	3.048E-1	4.240E-4	1.391E-3	3.903E+1
4.044E+3	3.035E-1	4.290E-4	1.414E-3	3.785E+1
4.094E+3	3.022E-1	4.339E-4	1.436E-3	3.666E+1
4.144E+3	3.009E-1	4.386E-4	1.458E-3	3.546E+1
4.194E+3	2.996E-1	4.433E-4	1.479E-3	3.425E+1
4.244E+3	2.984E-1	4.477E-4	1.500E-3	3.303E+1
4.294E+3	2.972E-1	4.519E-4	1.521E-3	3.179E+1
4.344E+3	2.960E-1	4.561E-4	1.541E-3	3.055E+1
4.394E+3	2.948E-1	4.600E-4	1.560E-3	2.929E+1
4.444E+3	2.937E-1	4.638E-4	1.579E-3	2.803E+1
4.494E+3	2.926E-1	4.674E-4	1.597E-3	2.676E+1
4.544E+3	2.916E-1	4.709E-4	1.615E-3	2.548E+1
4.594E+3	2.906E-1	4.741E-4	1.631E-3	2.418E+1
4.644E+3	2.897E-1	4.772E-4	1.647E-3	2.289E+1
4.744E+3	2.879E-1	4.828E-4	1.677E-3	2.029E+1
4.844E+3	2.863E-1	4.877E-4	1.703E-3	1.766E+1
4.944E+3	2.850E-1	4.918E-4	1.726E-3	1.503E+1
5.044E+3	2.839E-1	4.953E-4	1.745E-3	1.241E+1
5.144E+3	2.829E-1	4.980E-4	1.760E-3	9.798E+0
5.244E+3	2.823E-1	5.001E-4	1.772E-3	7.210E+0
5.344E+3	2.818E-1	5.014E-4	1.779E-3	4.641E+0
5.444E+3	2.815E-1	5.021E-4	1.783E-3	2.120E+0
5.544E+3	2.815E-1	5.022E-4	1.784E-3	-3.617E-1
5.644E+3	2.816E-1	5.018E-4	1.782E-3	-2.799E+0
5.694E+3	2.817E-1	5.013E-4	1.779E-3	-3.992E+0
5.744E+3	2.819E-1	5.008E-4	1.776E-3	-5.171E+0
5.794E+3	2.821E-1	5.000E-4	1.772E-3	-6.336E+0
5.894E+3	2.827E-1	4.983E-4	1.763E-3	-8.621E+0
5.994E+3	2.834E-1	4.961E-4	1.751E-3	-1.084E+1
6.094E+3	2.842E-1	4.935E-4	1.736E-3	-1.299E+1
6.194E+3	2.851E-1	4.906E-4	1.720E-3	-1.507E+1
6.394E+3	2.873E-1	4.837E-4	1.684E-3	-1.901E+1
6.594E+3	2.897E-1	4.758E-4	1.642E-3	-2.266E+1
6.794E+3	2.923E-1	4.672E-4	1.598E-3	-2.605E+1
6.994E+3	2.950E-1	4.580E-4	1.553E-3	-2.917E+1
7.194E+3	2.977E-1	4.485E-4	1.507E-3	-3.204E+1
7.394E+3	3.004E-1	4.388E-4	1.461E-3	-3.468E+1
7.594E+3	3.030E-1	4.290E-4	1.416E-3	-3.711E+1
7.794E+3	3.055E-1	4.192E-4	1.372E-3	-3.936E+1
7.994E+3	3.079E-1	4.095E-4	1.330E-3	-4.143E+1
8.194E+3	3.103E-1	4.001E-4	1.289E-3	-4.335E+1
8.394E+3	3.125E-1	3.908E-4	1.251E-3	-4.512E+1
8.594E+3	3.145E-1	3.817E-4	1.214E-3	-4.676E+1
8.794E+3	3.165E-1	3.729E-4	1.178E-3	-4.829E+1
8.994E+3	3.184E-1	3.643E-4	1.144E-3	-4.971E+1
9.194E+3	3.201E-1	3.561E-4	1.112E-3	-5.103E+1
9.394E+3	3.218E-1	3.482E-4	1.082E-3	-5.227E+1
9.594E+3	3.233E-1	3.405E-4	1.053E-3	-5.343E+1
9.794E+3	3.247E-1	3.330E-4	1.026E-3	-5.452E+1
9.994E+3	3.261E-1	3.259E-4	9.992E-4	-5.553E+1
1.019E+4	3.274E-1	3.189E-4	9.742E-4	-5.650E+1
